0 0.30390625 0.1359375 0.215625 0.2359375
0 0.6015625 0.328125 0.1859375 0.15625
0 0.3234375 0.32265625 0.2234375 0.1609375
0 0.234375 0.45390625 0.1875 0.146875
0 0.38359375 0.465625 0.0546875 0.0546875
0 0.5125 0.41875 0.1015625 0.1015625
0 0.63359375 0.55234375 0.0578125 0.05625
0 0.93671875 0.53203125 0.1265625 0.0828125
0 0.36171875 0.61328125 0.1109375 0.1125
0 0.20625 0.565625 0.10625 0.0921875
0 0.3375 0.68359375 0.109375 0.0671875
0 0.47421875 0.69140625 0.06875 0.0453125
0 0.4265625 0.7484375 0.1 0.0765625