0 0.40234375 0.8875 0.1640625 0.225
0 0.48125 0.70625 0.1828125 0.2203125
0 0.63046875 0.57734375 0.11875 0.1265625
0 0.63515625 0.47421875 0.084375 0.078125
0 0.796875 0.44609375 0.121875 0.1046875
0 0.40625 0.51171875 0.06875 0.065625
0 0.51015625 0.5015625 0.065625 0.0640625
0 0.68046875 0.33671875 0.084375 0.115625
0 0.77890625 0.26171875 0.0859375 0.0640625
0 0.875 0.36015625 0.171875 0.1296875
0 0.42265625 0.36796875 0.0859375 0.084375
0 0.28515625 0.35234375 0.0765625 0.0734375
0 0.5421875 0.19921875 0.096875 0.071875
0 0.1546875 0.05625 0.2015625 0.103125
0 0.284375 0.19921875 0.065625 0.05625
0 0.48125 0.07109375 0.0640625 0.0484375
0 0.6546875 0.14296875 0.103125 0.084375