0 0.3921875 0.10703125 0.1734375 0.19921875
0 0.6359375 0.359375 0.1609375 0.12265625
0 0.36875 0.2921875 0.19921875 0.11796875
0 0.25390625 0.39921875 0.165625 0.1109375
0 0.3953125 0.44375 0.0453125 0.0453125
0 0.5296875 0.4265625 0.084375 0.084375
0 0.61796875 0.5828125 0.0484375 0.0453125
0 0.9234375 0.63203125 0.134375 0.053125
0 0.34140625 0.58046875 0.09140625 0.09375
0 0.2015625 0.5 0.09140625 0.071875
0 0.303125 0.64296875 0.10078125 0.0453125
0 0.4328125 0.68125 0.0625 0.03125
0 0.3734375 0.72578125 0.0890625 0.0578125