0 0.59609375 0.87578125 0.4265625 0.2484375
0 0.9359375 0.88359375 0.084375 0.1109375
0 0.8328125 0.72890625 0.2703125 0.2015625
0 0.3453125 0.59140625 0.3359375 0.246875
0 0.10703125 0.88671875 0.2140625 0.1859375
0 0.05390625 0.659375 0.1078125 0.13125
0 0.16171875 0.35390625 0.1796875 0.1265625
0 0.03046875 0.41328125 0.0578125 0.0953125
0 0.425 0.36640625 0.2734375 0.13125
0 0.6046875 0.315625 0.184375 0.1328125
0 0.74296875 0.43046875 0.0875 0.059375
0 0.7328125 0.52890625 0.465625 0.2046875
0 0.8890625 0.33828125 0.1984375 0.1328125
0 0.4765625 0.178125 0.175 0.090625
0 0.78046875 0.22265625 0.225 0.115625
0 0.43671875 0.09296875 0.09375 0.0703125
0 0.54140625 0.10390625 0.0890625 0.071875
0 0.40703125 0.0375 0.1796875 0.075
0 0.859375 0.1203125 0.1578125 0.0953125
0 0.96640625 0.22578125 0.0671875 0.0703125
0 0.6921875 0.12109375 0.1484375 0.115625
0 0.23203125 0.18203125 0.15 0.1859375