0 0.93984375 0.7484375 0.1203125 0.196875
0 0.89296875 0.8390625 0.128125 0.1375
0 0.74453125 0.8734375 0.140625 0.15
0 0.69296875 0.9546875 0.1609375 0.0671875
0 0.578125 0.8796875 0.1328125 0.1296875
0 0.471875 0.76171875 0.1078125 0.10625
0 0.61796875 0.72421875 0.125 0.115625
0 0.72890625 0.68046875 0.128125 0.1171875
0 0.82578125 0.6171875 0.1109375 0.1015625
0 0.94296875 0.61171875 0.0640625 0.0640625
0 0.43203125 0.9625 0.1796875 0.075
0 0.2515625 0.74765625 0.446875 0.3015625
0 0.14375 0.9203125 0.196875 0.159375
0 0.4859375 0.48515625 0.15625 0.1359375
0 0.6609375 0.46796875 0.084375 0.0609375
0 0.58984375 0.49453125 0.04375 0.034375
0 0.5578125 0.53125 0.053125 0.046875
0 0.91328125 0.453125 0.0953125 0.1015625
0 0.8359375 0.3734375 0.1046875 0.1203125
0 0.44453125 0.38828125 0.096875 0.075
0 0.64609375 0.375 0.05625 0.0515625
0 0.52578125 0.39765625 0.053125 0.046875