0 0.4859375 0.925 0.253125 0.15
0 0.76171875 0.89453125 0.47578125 0.1921875
0 0.95625 0.7828125 0.0875 0.115625
0 0.7484375 0.7453125 0.06953125 0.0578125
0 0.54921875 0.69921875 0.12265625 0.08203125
0 0.475 0.79453125 0.2765625 0.0890625
0 0.27890625 0.84765625 0.1296875 0.0890625
0 0.25234375 0.703125 0.0671875 0.06484375
0 0.3890625 0.59765625 0.08203125 0.0453125
0 0.25703125 0.521875 0.1109375 0.0578125
0 0.078125 0.76796875 0.15625 0.31015625
0 0.69921875 0.62734375 0.16796875 0.09609375