0 0.66953125 0.88203125 0.2203125 0.215625
0 0.57734375 0.70703125 0.25 0.2890625
0 0.403125 0.60078125 0.1625 0.15625
0 0.57109375 0.5078125 0.2015625 0.1515625
0 0.603125 0.36484375 0.1046875 0.103125
0 0.7359375 0.34609375 0.10625 0.1140625
0 0.384375 0.5 0.1171875 0.103125
0 0.20703125 0.5 0.25 0.1734375
0 0.125 0.4125 0.196875 0.15
0 0.2140625 0.29921875 0.090625 0.075
0 0.325 0.359375 0.1078125 0.125
0 0.45546875 0.1984375 0.1390625 0.0953125
0 0.72265625 0.175 0.0765625 0.078125
0 0.8140625 0.0453125 0.165625 0.090625