0 0.34375 0.1234375 0.2296875 0.2359375
0 0.6140625 0.3578125 0.196875 0.1421875
0 0.93984375 0.60390625 0.1125 0.1078125
0 0.51953125 0.4296875 0.11875 0.084375
0 0.3421875 0.31171875 0.221875 0.1234375
0 0.384375 0.4625 0.071875 0.059375
0 0.23984375 0.42421875 0.175 0.1484375
0 0.21953125 0.53984375 0.128125 0.0796875
0 0.359375 0.62265625 0.0734375 0.059375
0 0.62890625 0.5828125 0.059375 0.0625
0 0.44296875 0.69609375 0.059375 0.0453125
0 0.39765625 0.75078125 0.09375 0.075
0 0.303125 0.67421875 0.096875 0.0515625