0 0.5265625 0.884375 0.16796875 0.21640625
0 0.4859375 0.67890625 0.178125 0.228125
0 0.35546875 0.54296875 0.125 0.115625
0 0.52734375 0.5 0.165625 0.10078125
0 0.58984375 0.3796875 0.0796875 0.0765625
0 0.7140625 0.3953125 0.0765625 0.0890625
0 0.36328125 0.4484375 0.09140625 0.07421875
0 0.20546875 0.40625 0.209375 0.1109375
0 0.15234375 0.3078125 0.1609375 0.10078125
0 0.259375 0.228125 0.071875 0.053125
0 0.34375 0.30859375 0.0765625 0.0984375
0 0.4984375 0.19609375 0.11796875 0.06015625
0 0.74296875 0.2390625 0.0578125 0.06015625
0 0.8921875 0.11875 0.1875 0.1078125