0 0.371875 0.140625 0.1734375 0.2171875
0 0.47265625 0.28828125 0.2375 0.2390625
0 0.6484375 0.4015625 0.1515625 0.1546875
0 0.43203125 0.5015625 0.0875 0.0796875
0 0.53046875 0.4890625 0.0875 0.0796875
0 0.66640625 0.49296875 0.10625 0.0828125
0 0.8578125 0.47578125 0.246875 0.165625
0 0.9125 0.56796875 0.175 0.1421875
0 0.83671875 0.68359375 0.0953125 0.078125
0 0.72890625 0.625 0.1015625 0.1140625
0 0.6125 0.7859375 0.1359375 0.084375
0 0.46796875 0.6328125 0.08125 0.0890625
0 0.3375 0.6734375 0.0984375 0.1015625
0 0.359375 0.815625 0.0859375 0.0671875
0 0.25390625 0.95625 0.2171875 0.0875