0 0.38671875 0.8671875 0.1953125 0.2625
0 0.4953125 0.68515625 0.2140625 0.25
0 0.66875 0.5734375 0.1375 0.1453125
0 0.68984375 0.46640625 0.0953125 0.090625
0 0.8609375 0.4609375 0.1375 0.121875
0 0.446875 0.471875 0.078125 0.0765625
0 0.55546875 0.47578125 0.075 0.0734375
0 0.75703125 0.33046875 0.1 0.1296875
0 0.86875 0.26640625 0.096875 0.0765625
0 0.92890625 0.38203125 0.1421875 0.1515625
0 0.484375 0.32578125 0.0984375 0.096875
0 0.34375 0.28984375 0.0875 0.084375
0 0.6328125 0.16875 0.1078125 0.084375
0 0.24765625 0.0140625 0.2140625 0.028125
0 0.365625 0.13046875 0.075 0.065625
0 0.5875 0.02890625 0.0703125 0.0515625
0 0.75859375 0.12734375 0.1171875 0.0984375