0 0.2859375 0.1578125 0.1921875 0.19921875
0 0.58515625 0.33671875 0.17578125 0.1109375
0 0.94453125 0.51796875 0.10546875 0.0890625
0 0.50703125 0.421875 0.10546875 0.06484375
0 0.31640625 0.3390625 0.2046875 0.08671875
0 0.38203125 0.47578125 0.0625 0.0484375
0 0.23671875 0.4640625 0.1515625 0.1203125
0 0.23671875 0.5796875 0.11796875 0.0578125
0 0.3859375 0.634375 0.06484375 0.0484375
0 0.63828125 0.55078125 0.05078125 0.053125
0 0.478125 0.69140625 0.053125 0.0359375
0 0.44453125 0.7515625 0.08203125 0.06015625
0 0.33984375 0.69375 0.0890625 0.0359375