0 0.35078125 0.153125 0.5609375 0.30625
0 0.68984375 0.4359375 0.3296875 0.265625
0 0.878125 0.1203125 0.24375 0.165625
0 0.94453125 0.33828125 0.1109375 0.1703125
0 0.8921875 0.62578125 0.209375 0.1921875
0 0.603125 0.690625 0.2890625 0.13125
0 0.2890625 0.5546875 0.4796875 0.2875
0 0.0609375 0.21484375 0.0640625 0.140625
0 0.1265625 0.74296875 0.2125 0.1125
0 0.1890625 0.69375 0.075 0.0515625
0 0.42890625 0.75234375 0.2265625 0.125
0 0.846875 0.853125 0.228125 0.2296875
0 0.55390625 0.8703125 0.1828125 0.0875
0 0.2609375 0.8484375 0.246875 0.1109375
0 0.4578125 0.9375 0.178125 0.0875
0 0.6 0.953125 0.13125 0.0671875
0 0.2015625 0.9390625 0.165625 0.0640625