0 0.4390625 0.1390625 0.13203125 0.1875
0 0.5046875 0.29921875 0.1921875 0.19453125
0 0.64765625 0.44140625 0.12265625 0.12734375
0 0.4234375 0.49296875 0.071875 0.0625
0 0.51953125 0.5 0.071875 0.0625
0 0.646875 0.53125 0.09140625 0.0625
0 0.83046875 0.55390625 0.21875 0.11796875
0 0.8765625 0.6546875 0.17578125 0.103125
0 0.76953125 0.74609375 0.08203125 0.06015625
0 0.67890625 0.66796875 0.0796875 0.09609375
0 0.5375 0.7984375 0.12265625 0.0578125
0 0.43125 0.6234375 0.06484375 0.07421875
0 0.29921875 0.6359375 0.0796875 0.084375
0 0.2921875 0.775 0.07421875 0.05078125
0 0.1578125 0.91953125 0.18984375 0.11328125