0 0.359375 0.19453125 0.2640625 0.24375
0 0.86640625 0.11796875 0.15 0.1578125
0 0.778125 0.3203125 0.178125 0.2328125
0 0.47734375 0.5203125 0.2671875 0.1828125
0 0.4140625 0.66640625 0.2015625 0.134375
0 0.67578125 0.5578125 0.153125 0.10625
0 0.52734375 0.6578125 0.153125 0.1046875
0 0.66640625 0.603125 0.10625 0.071875
0 0.7734375 0.571875 0.096875 0.0703125
0 0.73125 0.62265625 0.109375 0.075
0 0.61953125 0.67890625 0.0765625 0.059375
0 0.53046875 0.7140625 0.0671875 0.046875
0 0.42421875 0.740625 0.11875 0.0703125
0 0.496875 0.75078125 0.1109375 0.05625
0 0.54296875 0.765625 0.096875 0.0578125
0 0.65234375 0.75859375 0.103125 0.0640625
0 0.7046875 0.6984375 0.08125 0.059375