0 0.32578125 0.140625 0.49296875 0.28125
0 0.6859375 0.3859375 0.28125 0.209375
0 0.8484375 0.0578125 0.28359375 0.115625
0 0.93359375 0.25625 0.13203125 0.1421875
0 0.90703125 0.5328125 0.1859375 0.15625
0 0.64296875 0.6359375 0.26171875 0.084375
0 0.33046875 0.55546875 0.42578125 0.20703125
0 0.04453125 0.27265625 0.0890625 0.12734375
0 0.2078125 0.7546875 0.18984375 0.0765625
0 0.25859375 0.69921875 0.06484375 0.03828125
0 0.490625 0.71875 0.2015625 0.08671875
0 0.89453125 0.7515625 0.1875 0.18984375
0 0.6234375 0.81015625 0.165625 0.0578125
0 0.34765625 0.8328125 0.2234375 0.06953125
0 0.54453125 0.88671875 0.1609375 0.0578125
0 0.67890625 0.88125 0.11796875 0.0453125
0 0.76171875 0.9359375 0.22578125 0.0359375
0 0.30625 0.946875 0.1515625 0.0765625