0 0.59453125 0.840625 0.284375 0.21875
0 0.09921875 0.75625 0.1390625 0.134375
0 0.58671875 0.5 0.2 0.1453125
0 0.67734375 0.40234375 0.1765625 0.0796875
0 0.55546875 0.37109375 0.165625 0.0890625
0 0.6859375 0.33046875 0.1359375 0.0640625
0 0.4046875 0.415625 0.1078125 0.0625
0 0.4140625 0.37421875 0.10625 0.0609375
0 0.31953125 0.36484375 0.06875 0.071875
0 0.37109375 0.33125 0.084375 0.046875
0 0.2234375 0.57734375 0.1796875 0.225
0 0.82421875 0.840625 0.1203125 0.2015625
0 0.4921875 0.3265625 0.0640625 0.04375
0 0.5796875 0.31953125 0.0640625 0.0484375
0 0.62578125 0.29296875 0.1046875 0.0421875
0 0.5828125 0.26640625 0.103125 0.0453125
0 0.63671875 0.228125 0.0578125 0.0375
0 0.70703125 0.23046875 0.0671875 0.028125
0 0.4234375 0.26875 0.0703125 0.05625
0 0.475 0.23828125 0.084375 0.0375