0 0.89296875 0.8453125 0.1546875 0.171875
0 0.8078125 0.92109375 0.1078125 0.11875
0 0.6640625 0.93515625 0.11875 0.125
0 0.60703125 0.9921875 0.146875 0.015625
0 0.50703125 0.92265625 0.1125 0.1109375
0 0.421875 0.80078125 0.0921875 0.090625
0 0.5625 0.78203125 0.1078125 0.0984375
0 0.67265625 0.7546875 0.1109375 0.0984375
0 0.7703125 0.70625 0.0953125 0.0859375
0 0.88125 0.71484375 0.0546875 0.0546875
0 0.3578125 0.978125 0.1625 0.04375
0 0.2171875 0.7625 0.3984375 0.2390625
0 0.090625 0.92265625 0.16875 0.1546875
0 0.46640625 0.54375 0.1359375 0.1125
0 0.63359375 0.546875 0.075 0.0484375
0 0.5625 0.56328125 0.0375 0.028125
0 0.5296875 0.59375 0.0453125 0.0390625
0 0.87109375 0.56171875 0.0796875 0.0875
0 0.8078125 0.478125 0.0875 0.1046875
0 0.43984375 0.44765625 0.084375 0.0625
0 0.62890625 0.45859375 0.0484375 0.04375
0 0.5140625 0.465625 0.0453125 0.0390625