0 0.58828125 0.86015625 0.4046875 0.2796875
0 0.93125 0.83125 0.1046875 0.1046875
0 0.81171875 0.684375 0.25625 0.1875
0 0.33828125 0.56875 0.3171875 0.228125
0 0.109375 0.87578125 0.21875 0.2015625
0 0.05546875 0.64453125 0.1109375 0.1234375
0 0.153125 0.3453125 0.16875 0.1171875
0 0.028125 0.40703125 0.0515625 0.090625
0 0.40625 0.3484375 0.2609375 0.1171875
0 0.57734375 0.29296875 0.175 0.121875
0 0.715625 0.4 0.084375 0.0546875
0 0.709375 0.49453125 0.44375 0.1828125
0 0.85390625 0.30546875 0.1875 0.1234375
0 0.45 0.165625 0.165625 0.0828125
0 0.74453125 0.19765625 0.2140625 0.1046875
0 0.409375 0.084375 0.0890625 0.0640625
0 0.51015625 0.09140625 0.084375 0.0671875
0 0.37734375 0.0328125 0.1703125 0.065625
0 0.8171875 0.09609375 0.1484375 0.0875
0 0.94609375 0.19375 0.1078125 0.065625
0 0.65625 0.103125 0.1390625 0.10625
0 0.2140625 0.1765625 0.1390625 0.175