0 0.56953125 0.890625 0.1890625 0.21875
0 0.51328125 0.68984375 0.2 0.2484375
0 0.36953125 0.559375 0.1375 0.128125
0 0.54375 0.5015625 0.178125 0.1171875
0 0.6 0.3734375 0.0875 0.0859375
0 0.728125 0.38046875 0.0859375 0.096875
0 0.3703125 0.46015625 0.1 0.084375
0 0.2046875 0.428125 0.2234375 0.128125
0 0.14296875 0.33046875 0.1734375 0.115625
0 0.24765625 0.24140625 0.078125 0.059375
0 0.33984375 0.31796875 0.0859375 0.1078125
0 0.4921875 0.190625 0.1265625 0.0703125
0 0.74765625 0.2171875 0.0640625 0.0671875
0 0.88359375 0.0828125 0.184375 0.1234375