0 0.4109375 0.8796875 0.15390625 0.2359375
0 0.490625 0.69609375 0.1734375 0.209375
0 0.6359375 0.57421875 0.11328125 0.1203125
0 0.64296875 0.475 0.0796875 0.07421875
0 0.7984375 0.45078125 0.115625 0.0984375
0 0.421875 0.50703125 0.06484375 0.0625
0 0.521875 0.4984375 0.0625 0.06015625
0 0.6890625 0.34375 0.0796875 0.1109375
0 0.78359375 0.27265625 0.08203125 0.06015625
0 0.875 0.36875 0.16328125 0.12265625
0 0.43984375 0.36875 0.08203125 0.0796875
0 0.3078125 0.35234375 0.071875 0.06953125
0 0.5578125 0.209375 0.09140625 0.0671875
0 0.18671875 0.05625 0.1921875 0.1125
0 0.31015625 0.2046875 0.0625 0.053125
0 0.5015625 0.08515625 0.06015625 0.0453125
0 0.6671875 0.1578125 0.0984375 0.0796875