0 0.496875 0.85546875 0.165625 0.1328125
0 0.4265625 0.75546875 0.1015625 0.06875
0 0.27734375 0.75859375 0.1140625 0.0859375
0 0.30546875 0.859375 0.0921875 0.078125
0 0.0796875 0.67890625 0.159375 0.1078125
0 0.165625 0.646875 0.125 0.0828125
0 0.353125 0.72734375 0.0859375 0.075
0 0.65546875 0.709375 0.0859375 0.053125
0 0.73515625 0.6890625 0.0515625 0.0390625
0 0.52890625 0.61640625 0.08125 0.0578125
0 0.3953125 0.5671875 0.115625 0.0734375
0 0.303125 0.52890625 0.09375 0.0625
0 0.578125 0.528125 0.0953125 0.0609375
0 0.684375 0.60390625 0.0609375 0.0421875