0 0.609375 0.8125 0.3046875 0.2421875
0 0.1015625 0.77109375 0.1515625 0.1484375
0 0.57109375 0.46953125 0.2140625 0.1640625
0 0.65390625 0.3625 0.184375 0.0953125
0 0.52890625 0.34140625 0.1734375 0.103125
0 0.65703125 0.28828125 0.1421875 0.0765625
0 0.38046875 0.39921875 0.1140625 0.0734375
0 0.3859375 0.35703125 0.1109375 0.0703125
0 0.2890625 0.35625 0.075 0.0765625
0 0.3390625 0.3171875 0.0890625 0.0546875
0 0.21171875 0.57890625 0.2 0.240625
0 0.8421875 0.7921875 0.1390625 0.2125
0 0.46015625 0.30234375 0.06875 0.0484375
0 0.54921875 0.2875 0.0703125 0.0546875
0 0.59375 0.25625 0.109375 0.053125
0 0.54765625 0.2328125 0.10625 0.0546875
0 0.5984375 0.18984375 0.0609375 0.04375
0 0.66953125 0.18515625 0.06875 0.034375
0 0.3859375 0.24921875 0.075 0.0625
0 0.43515625 0.2140625 0.0875 0.04375