0 0.4078125 0.1671875 0.225 0.2
0 0.896875 0.21328125 0.1234375 0.134375
0 0.76875 0.38125 0.1390625 0.2046875
0 0.44140625 0.49609375 0.2375 0.1375
0 0.34921875 0.61796875 0.18125 0.1
0 0.61796875 0.57734375 0.1375 0.0796875
0 0.45625 0.63671875 0.1375 0.078125
0 0.59921875 0.61796875 0.0953125 0.0546875
0 0.70546875 0.61328125 0.0859375 0.053125
0 0.6546875 0.6515625 0.0984375 0.05625
0 0.53671875 0.678125 0.0671875 0.0453125
0 0.44609375 0.68984375 0.059375 0.034375
0 0.340625 0.68984375 0.1078125 0.0484375
0 0.40625 0.71640625 0.103125 0.0359375
0 0.44609375 0.740625 0.0875 0.040625
0 0.54921875 0.759375 0.0921875 0.046875
0 0.61171875 0.715625 0.071875 0.0453125