0 0.88671875 0.82109375 0.14453125 0.1609375
0 0.80546875 0.8921875 0.10078125 0.1109375
0 0.66796875 0.90390625 0.1109375 0.1203125
0 0.61328125 0.97421875 0.1390625 0.0515625
0 0.51953125 0.88828125 0.10546875 0.103125
0 0.43984375 0.7703125 0.08671875 0.084375
0 0.57421875 0.7546875 0.10078125 0.09140625
0 0.67890625 0.73046875 0.103125 0.09140625
0 0.77265625 0.6859375 0.0890625 0.0796875
0 0.87890625 0.69609375 0.05078125 0.05078125
0 0.37734375 0.96015625 0.15390625 0.0796875
0 0.2453125 0.73046875 0.375 0.22109375
0 0.10078125 0.9046875 0.2015625 0.18984375
0 0.48671875 0.5265625 0.12734375 0.10546875
0 0.6453125 0.5328125 0.06953125 0.0453125
0 0.578125 0.546875 0.0359375 0.0265625
0 0.5453125 0.57578125 0.04296875 0.0359375
0 0.87109375 0.55078125 0.07421875 0.08203125
0 0.8125 0.4703125 0.08203125 0.0984375
0 0.4625 0.43515625 0.0796875 0.0578125
0 0.64296875 0.4484375 0.0453125 0.040625
0 0.53359375 0.453125 0.04296875 0.0359375