0 0.4625 0.1609375 0.15625 0.10546875
0 0.5453125 0.2453125 0.10546875 0.0625
0 0.67890625 0.24375 0.1515625 0.103125
0 0.87734375 0.2953125 0.23046875 0.14453125
0 0.6703125 0.1296875 0.08671875 0.0671875
0 0.69140625 0.45703125 0.0890625 0.04296875
0 0.60234375 0.42890625 0.0984375 0.06015625
0 0.4625 0.39765625 0.07421875 0.05078125
0 0.26171875 0.33046875 0.071875 0.05546875
0 0.3296875 0.31484375 0.0765625 0.03828125
0 0.44375 0.48203125 0.0796875 0.0359375
0 0.3171875 0.453125 0.08203125 0.0359375