0 0.20390625 0.1765625 0.25 0.25625
0 0.5625 0.29921875 0.2125 0.1578125
0 0.96015625 0.41640625 0.0796875 0.1078125
0 0.4984375 0.4078125 0.1265625 0.0921875
0 0.2765625 0.36328125 0.2375 0.1390625
0 0.378125 0.49375 0.078125 0.065625
0 0.2203125 0.5140625 0.1890625 0.1625
0 0.24609375 0.63671875 0.1390625 0.0875
0 0.41796875 0.66171875 0.0796875 0.065625
0 0.66796875 0.515625 0.065625 0.0671875
0 0.52890625 0.7015625 0.0640625 0.05
0 0.50703125 0.77265625 0.1 0.0828125
0 0.3828125 0.73515625 0.103125 0.0578125