0 0.58203125 0.16484375 0.15390625 0.0984375
0 0.48828125 0.25234375 0.10546875 0.071875
0 0.4 0.25703125 0.06484375 0.0578125
0 0.334375 0.203125 0.10078125 0.07421875
0 0.6921875 0.33984375 0.0765625 0.0265625
0 0.7609375 0.3640625 0.06953125 0.05078125
0 0.69609375 0.46171875 0.0796875 0.0671875
0 0.775 0.4515625 0.12265625 0.08671875
0 0.553125 0.4015625 0.0671875 0.04296875
0 0.4125 0.4234375 0.103125 0.053125
0 0.31640625 0.43984375 0.0890625 0.04296875
0 0.15625 0.2703125 0.23046875 0.11796875