0 0.4109375 0.1828125 0.20703125 0.1828125
0 0.8765625 0.21015625 0.11328125 0.12265625
0 0.759375 0.3734375 0.125 0.18984375
0 0.4546875 0.49375 0.22109375 0.12265625
0 0.3703125 0.61171875 0.16796875 0.0890625
0 0.6234375 0.56484375 0.12734375 0.071875
0 0.47265625 0.6265625 0.12734375 0.06953125
0 0.60703125 0.603125 0.0890625 0.0484375
0 0.7078125 0.59609375 0.0796875 0.0484375
0 0.6609375 0.63359375 0.09140625 0.05078125
0 0.55078125 0.6625 0.0625 0.040625
0 0.46484375 0.6765625 0.05546875 0.03125
0 0.365625 0.68046875 0.10078125 0.04296875
0 0.428125 0.703125 0.09609375 0.03125
0 0.46640625 0.725 0.08203125 0.0359375
0 0.56484375 0.7390625 0.08671875 0.040625
0 0.62265625 0.69609375 0.0671875 0.040625