0 0.55859375 0.8328125 0.26171875 0.19453125
0 0.08984375 0.72734375 0.12734375 0.12265625
0 0.56875 0.50703125 0.18515625 0.1296875
0 0.66015625 0.41796875 0.165625 0.0671875
0 0.5453125 0.38203125 0.15390625 0.0765625
0 0.671875 0.35 0.12734375 0.05546875
0 0.39921875 0.4171875 0.10078125 0.05546875
0 0.41015625 0.37734375 0.0984375 0.053125
0 0.31953125 0.3640625 0.0625 0.06484375
0 0.37109375 0.33515625 0.0796875 0.040625
0 0.2171875 0.5625 0.1609375 0.20703125
0 0.77890625 0.84375 0.10546875 0.1875
0 0.48671875 0.33671875 0.06015625 0.03828125
0 0.57109375 0.334375 0.06015625 0.04296875
0 0.61640625 0.3109375 0.0984375 0.0359375
0 0.5765625 0.28359375 0.09609375 0.03828125
0 0.6296875 0.25 0.053125 0.03359375
0 0.696875 0.2546875 0.0625 0.02421875
0 0.42421875 0.27734375 0.06484375 0.05078125
0 0.475 0.2515625 0.0796875 0.03125