0 0.42890625 0.078125 0.2234375 0.13671875
0 0.64765625 0.11328125 0.1515625 0.10078125
0 0.87734375 0.084375 0.09140625 0.16328125
0 0.859375 0.23828125 0.09375 0.08671875
0 0.8578125 0.35234375 0.09609375 0.09375
0 0.7203125 0.2484375 0.06015625 0.06015625
0 0.52421875 0.22109375 0.1828125 0.08203125
0 0.33203125 0.19140625 0.21640625 0.06484375
0 0.10703125 0.18046875 0.19921875 0.125
0 0.203125 0.30859375 0.06015625 0.0453125
0 0.4125 0.31484375 0.0984375 0.0671875
0 0.7453125 0.4234375 0.0625 0.0484375