0 0.59140625 0.85703125 0.384375 0.2859375
0 0.921875 0.8015625 0.0984375 0.0984375
0 0.8015625 0.66328125 0.24296875 0.1734375
0 0.3375 0.5671875 0.30078125 0.21171875
0 0.115625 0.875 0.23046875 0.1875
0 0.05859375 0.6515625 0.1171875 0.115625
0 0.15 0.35703125 0.1609375 0.1078125
0 0.02734375 0.41953125 0.0546875 0.0859375
0 0.396875 0.35078125 0.25 0.10546875
0 0.5609375 0.2921875 0.165625 0.11328125
0 0.6984375 0.390625 0.0796875 0.05078125
0 0.69609375 0.4828125 0.42578125 0.16328125
0 0.8296875 0.29453125 0.178125 0.11328125
0 0.4328125 0.171875 0.15859375 0.07421875
0 0.7203125 0.19375 0.2046875 0.09375
0 0.390625 0.0953125 0.084375 0.06015625
0 0.4890625 0.0984375 0.0796875 0.0625
0 0.3578125 0.0375 0.16328125 0.07421875
0 0.7875 0.0921875 0.1421875 0.0796875
0 0.9328125 0.18359375 0.134375 0.06015625
0 0.63125 0.1046875 0.13203125 0.0984375
0 0.2046875 0.19140625 0.1296875 0.165625