0 0.271875 0.16015625 0.54375 0.3203125
0 0.675 0.4 0.3171875 0.24375
0 0.82734375 0.05234375 0.3046875 0.1046875
0 0.92578125 0.2453125 0.13125 0.1609375
0 0.90859375 0.54765625 0.1828125 0.1796875
0 0.64140625 0.675 0.2890625 0.10625
0 0.29765625 0.60546875 0.475 0.2484375
0 0.0109375 0.3125 0.021875 0.140625
0 0.175 0.82890625 0.2109375 0.09375
0 0.2265625 0.76640625 0.071875 0.0453125
0 0.4796875 0.7734375 0.2234375 0.10625
0 0.90703125 0.78671875 0.1859375 0.2171875
0 0.63046875 0.865625 0.1828125 0.071875
0 0.33125 0.90625 0.246875 0.0890625
0 0.5484375 0.95390625 0.178125 0.071875
0 0.69453125 0.93984375 0.13125 0.05625
0 0.7875 0.98046875 0.246875 0.0234375
0 0.290625 0.99296875 0.165625 0.0140625