0 0.3421875 0.13515625 0.1796875 0.2234375
0 0.44765625 0.2828125 0.24375 0.2453125
0 0.62734375 0.39453125 0.15625 0.159375
0 0.409375 0.5 0.0890625 0.08125
0 0.509375 0.48515625 0.0890625 0.08125
0 0.646875 0.48671875 0.1078125 0.0859375
0 0.84140625 0.4671875 0.2515625 0.171875
0 0.90390625 0.559375 0.1921875 0.146875
0 0.8234375 0.678125 0.0984375 0.08125
0 0.7125 0.61953125 0.1046875 0.1171875
0 0.5984375 0.7859375 0.1390625 0.0890625
0 0.4484375 0.63203125 0.084375 0.0921875
0 0.31640625 0.67578125 0.1015625 0.1046875
0 0.3421875 0.8203125 0.0875 0.06875
0 0.23828125 0.959375 0.2203125 0.08125