0 0.58203125 0.83515625 0.14453125 0.0984375
0 0.490625 0.75703125 0.09140625 0.0484375
0 0.3484375 0.7953125 0.10078125 0.0625
0 0.4 0.8859375 0.0796875 0.06015625
0 0.140625 0.7671875 0.146875 0.071875
0 0.21484375 0.71484375 0.11328125 0.05546875
0 0.41328125 0.74765625 0.071875 0.0578125
0 0.6984375 0.65859375 0.0796875 0.03359375
0 0.7703125 0.6203125 0.0453125 0.02890625
0 0.55546875 0.6 0.071875 0.040625
0 0.415625 0.584375 0.10546875 0.0484375
0 0.31875 0.56953125 0.084375 0.04296875
0 0.58203125 0.50390625 0.08671875 0.040625
0 0.70078125 0.55078125 0.05546875 0.02890625