0 0.53359375 0.85546875 0.1578125 0.11875
0 0.453125 0.7640625 0.0984375 0.0609375
0 0.3046875 0.7828125 0.109375 0.0765625
0 0.34375 0.88046875 0.0875 0.071875
0 0.1 0.725 0.1578125 0.09375
0 0.18203125 0.68359375 0.121875 0.071875
0 0.37734375 0.74375 0.08125 0.06875
0 0.6765625 0.69453125 0.084375 0.0453125
0 0.75390625 0.665625 0.05 0.034375
0 0.540625 0.615625 0.078125 0.0515625
0 0.40234375 0.58046875 0.1125 0.0625
0 0.30625 0.5515625 0.090625 0.0546875
0 0.58046875 0.52265625 0.0921875 0.053125
0 0.69375 0.58671875 0.059375 0.0359375